3639
3628
3601
3643
3639
3628
3601
3643
3639
3628
3601
3643
3639
3628
3601
3643
3639
3628
3601
3643
3639
3628
3601
3643
3611
3604
3610
3611
3604
3610
3611
3604
3610
3611
3604
3610
3611
3604
3610
3611
3604
3610
3611
3604
3610
3667
3630
3630
3606
3657
3620
3603
3661
3661
3661
3661
3661
3661
3661
3661
3647
3622
3622
3636
3629
3636
3629
3636
3629
3636
3629
3636
3629
3673
3646
3671
3672
3670
3626
3648
3626
3648
3626
3648
3626
3648
3626
3648
3626
3648
3626
3648
3656
3655
3654
3656
3655
3654
3656
3655
3654
3637
3616
3616
3623
3663
3619
3618
3675
3676
3652
3618
3675
3676
3652
3618
3675
3676
3652
3666
3666
3666
3666
3665
3665
3615
3615
3615
3615
3674
3664


3601-3676